{
 "cells": [
  {
   "cell_type": "code",
   "execution_count": 2,
   "id": "9f05b7f7-c5e7-4406-b6c4-d80855ca5e38",
   "metadata": {},
   "outputs": [],
   "source": [
    "import pandas as pd"
   ]
  },
  {
   "cell_type": "code",
   "execution_count": 3,
   "id": "00e56a7d-687a-45f5-9168-de67b139c85d",
   "metadata": {},
   "outputs": [],
   "source": [
    "dataset = pd.read_csv(\"preprocessed_placement.csv\")"
   ]
  },
  {
   "cell_type": "code",
   "execution_count": 4,
   "id": "5b927745-939a-46d6-b2b7-5fe0b9cbc9ae",
   "metadata": {},
   "outputs": [
    {
     "data": {
      "text/html": [
       "<div>\n",
       "<style scoped>\n",
       "    .dataframe tbody tr th:only-of-type {\n",
       "        vertical-align: middle;\n",
       "    }\n",
       "\n",
       "    .dataframe tbody tr th {\n",
       "        vertical-align: top;\n",
       "    }\n",
       "\n",
       "    .dataframe thead th {\n",
       "        text-align: right;\n",
       "    }\n",
       "</style>\n",
       "<table border=\"1\" class=\"dataframe\">\n",
       "  <thead>\n",
       "    <tr style=\"text-align: right;\">\n",
       "      <th></th>\n",
       "      <th>ssc_p</th>\n",
       "      <th>hsc_p</th>\n",
       "      <th>degree_p</th>\n",
       "      <th>etest_p</th>\n",
       "      <th>mba_p</th>\n",
       "      <th>salary</th>\n",
       "      <th>gender</th>\n",
       "      <th>ssc_b</th>\n",
       "      <th>hsc_b</th>\n",
       "      <th>hsc_s</th>\n",
       "      <th>degree_t</th>\n",
       "      <th>workex</th>\n",
       "      <th>specialisation</th>\n",
       "      <th>status</th>\n",
       "    </tr>\n",
       "  </thead>\n",
       "  <tbody>\n",
       "    <tr>\n",
       "      <th>0</th>\n",
       "      <td>67.00</td>\n",
       "      <td>91.00</td>\n",
       "      <td>58.00</td>\n",
       "      <td>55.0</td>\n",
       "      <td>58.80</td>\n",
       "      <td>270000.000000</td>\n",
       "      <td>M</td>\n",
       "      <td>Others</td>\n",
       "      <td>Others</td>\n",
       "      <td>Commerce</td>\n",
       "      <td>Sci&amp;Tech</td>\n",
       "      <td>No</td>\n",
       "      <td>Mkt&amp;HR</td>\n",
       "      <td>Placed</td>\n",
       "    </tr>\n",
       "    <tr>\n",
       "      <th>1</th>\n",
       "      <td>79.33</td>\n",
       "      <td>78.33</td>\n",
       "      <td>77.48</td>\n",
       "      <td>86.5</td>\n",
       "      <td>66.28</td>\n",
       "      <td>200000.000000</td>\n",
       "      <td>M</td>\n",
       "      <td>Central</td>\n",
       "      <td>Others</td>\n",
       "      <td>Science</td>\n",
       "      <td>Sci&amp;Tech</td>\n",
       "      <td>Yes</td>\n",
       "      <td>Mkt&amp;Fin</td>\n",
       "      <td>Placed</td>\n",
       "    </tr>\n",
       "    <tr>\n",
       "      <th>2</th>\n",
       "      <td>65.00</td>\n",
       "      <td>68.00</td>\n",
       "      <td>64.00</td>\n",
       "      <td>75.0</td>\n",
       "      <td>57.80</td>\n",
       "      <td>250000.000000</td>\n",
       "      <td>M</td>\n",
       "      <td>Central</td>\n",
       "      <td>Central</td>\n",
       "      <td>Arts</td>\n",
       "      <td>Comm&amp;Mgmt</td>\n",
       "      <td>No</td>\n",
       "      <td>Mkt&amp;Fin</td>\n",
       "      <td>Placed</td>\n",
       "    </tr>\n",
       "    <tr>\n",
       "      <th>3</th>\n",
       "      <td>56.00</td>\n",
       "      <td>52.00</td>\n",
       "      <td>52.00</td>\n",
       "      <td>66.0</td>\n",
       "      <td>59.43</td>\n",
       "      <td>288655.405405</td>\n",
       "      <td>M</td>\n",
       "      <td>Central</td>\n",
       "      <td>Central</td>\n",
       "      <td>Science</td>\n",
       "      <td>Sci&amp;Tech</td>\n",
       "      <td>No</td>\n",
       "      <td>Mkt&amp;HR</td>\n",
       "      <td>Not Placed</td>\n",
       "    </tr>\n",
       "    <tr>\n",
       "      <th>4</th>\n",
       "      <td>85.80</td>\n",
       "      <td>73.60</td>\n",
       "      <td>73.30</td>\n",
       "      <td>96.8</td>\n",
       "      <td>55.50</td>\n",
       "      <td>425000.000000</td>\n",
       "      <td>M</td>\n",
       "      <td>Central</td>\n",
       "      <td>Central</td>\n",
       "      <td>Commerce</td>\n",
       "      <td>Comm&amp;Mgmt</td>\n",
       "      <td>No</td>\n",
       "      <td>Mkt&amp;Fin</td>\n",
       "      <td>Placed</td>\n",
       "    </tr>\n",
       "    <tr>\n",
       "      <th>...</th>\n",
       "      <td>...</td>\n",
       "      <td>...</td>\n",
       "      <td>...</td>\n",
       "      <td>...</td>\n",
       "      <td>...</td>\n",
       "      <td>...</td>\n",
       "      <td>...</td>\n",
       "      <td>...</td>\n",
       "      <td>...</td>\n",
       "      <td>...</td>\n",
       "      <td>...</td>\n",
       "      <td>...</td>\n",
       "      <td>...</td>\n",
       "      <td>...</td>\n",
       "    </tr>\n",
       "    <tr>\n",
       "      <th>210</th>\n",
       "      <td>80.60</td>\n",
       "      <td>82.00</td>\n",
       "      <td>77.60</td>\n",
       "      <td>91.0</td>\n",
       "      <td>74.49</td>\n",
       "      <td>400000.000000</td>\n",
       "      <td>M</td>\n",
       "      <td>Others</td>\n",
       "      <td>Others</td>\n",
       "      <td>Commerce</td>\n",
       "      <td>Comm&amp;Mgmt</td>\n",
       "      <td>No</td>\n",
       "      <td>Mkt&amp;Fin</td>\n",
       "      <td>Placed</td>\n",
       "    </tr>\n",
       "    <tr>\n",
       "      <th>211</th>\n",
       "      <td>58.00</td>\n",
       "      <td>60.00</td>\n",
       "      <td>72.00</td>\n",
       "      <td>74.0</td>\n",
       "      <td>53.62</td>\n",
       "      <td>275000.000000</td>\n",
       "      <td>M</td>\n",
       "      <td>Others</td>\n",
       "      <td>Others</td>\n",
       "      <td>Science</td>\n",
       "      <td>Sci&amp;Tech</td>\n",
       "      <td>No</td>\n",
       "      <td>Mkt&amp;Fin</td>\n",
       "      <td>Placed</td>\n",
       "    </tr>\n",
       "    <tr>\n",
       "      <th>212</th>\n",
       "      <td>67.00</td>\n",
       "      <td>67.00</td>\n",
       "      <td>73.00</td>\n",
       "      <td>59.0</td>\n",
       "      <td>69.72</td>\n",
       "      <td>295000.000000</td>\n",
       "      <td>M</td>\n",
       "      <td>Others</td>\n",
       "      <td>Others</td>\n",
       "      <td>Commerce</td>\n",
       "      <td>Comm&amp;Mgmt</td>\n",
       "      <td>Yes</td>\n",
       "      <td>Mkt&amp;Fin</td>\n",
       "      <td>Placed</td>\n",
       "    </tr>\n",
       "    <tr>\n",
       "      <th>213</th>\n",
       "      <td>74.00</td>\n",
       "      <td>66.00</td>\n",
       "      <td>58.00</td>\n",
       "      <td>70.0</td>\n",
       "      <td>60.23</td>\n",
       "      <td>204000.000000</td>\n",
       "      <td>F</td>\n",
       "      <td>Others</td>\n",
       "      <td>Others</td>\n",
       "      <td>Commerce</td>\n",
       "      <td>Comm&amp;Mgmt</td>\n",
       "      <td>No</td>\n",
       "      <td>Mkt&amp;HR</td>\n",
       "      <td>Placed</td>\n",
       "    </tr>\n",
       "    <tr>\n",
       "      <th>214</th>\n",
       "      <td>62.00</td>\n",
       "      <td>58.00</td>\n",
       "      <td>53.00</td>\n",
       "      <td>89.0</td>\n",
       "      <td>60.22</td>\n",
       "      <td>288655.405405</td>\n",
       "      <td>M</td>\n",
       "      <td>Central</td>\n",
       "      <td>Others</td>\n",
       "      <td>Science</td>\n",
       "      <td>Comm&amp;Mgmt</td>\n",
       "      <td>No</td>\n",
       "      <td>Mkt&amp;HR</td>\n",
       "      <td>Not Placed</td>\n",
       "    </tr>\n",
       "  </tbody>\n",
       "</table>\n",
       "<p>215 rows × 14 columns</p>\n",
       "</div>"
      ],
      "text/plain": [
       "     ssc_p  hsc_p  degree_p  etest_p  mba_p         salary gender    ssc_b  \\\n",
       "0    67.00  91.00     58.00     55.0  58.80  270000.000000      M   Others   \n",
       "1    79.33  78.33     77.48     86.5  66.28  200000.000000      M  Central   \n",
       "2    65.00  68.00     64.00     75.0  57.80  250000.000000      M  Central   \n",
       "3    56.00  52.00     52.00     66.0  59.43  288655.405405      M  Central   \n",
       "4    85.80  73.60     73.30     96.8  55.50  425000.000000      M  Central   \n",
       "..     ...    ...       ...      ...    ...            ...    ...      ...   \n",
       "210  80.60  82.00     77.60     91.0  74.49  400000.000000      M   Others   \n",
       "211  58.00  60.00     72.00     74.0  53.62  275000.000000      M   Others   \n",
       "212  67.00  67.00     73.00     59.0  69.72  295000.000000      M   Others   \n",
       "213  74.00  66.00     58.00     70.0  60.23  204000.000000      F   Others   \n",
       "214  62.00  58.00     53.00     89.0  60.22  288655.405405      M  Central   \n",
       "\n",
       "       hsc_b     hsc_s   degree_t workex specialisation      status  \n",
       "0     Others  Commerce   Sci&Tech     No         Mkt&HR      Placed  \n",
       "1     Others   Science   Sci&Tech    Yes        Mkt&Fin      Placed  \n",
       "2    Central      Arts  Comm&Mgmt     No        Mkt&Fin      Placed  \n",
       "3    Central   Science   Sci&Tech     No         Mkt&HR  Not Placed  \n",
       "4    Central  Commerce  Comm&Mgmt     No        Mkt&Fin      Placed  \n",
       "..       ...       ...        ...    ...            ...         ...  \n",
       "210   Others  Commerce  Comm&Mgmt     No        Mkt&Fin      Placed  \n",
       "211   Others   Science   Sci&Tech     No        Mkt&Fin      Placed  \n",
       "212   Others  Commerce  Comm&Mgmt    Yes        Mkt&Fin      Placed  \n",
       "213   Others  Commerce  Comm&Mgmt     No         Mkt&HR      Placed  \n",
       "214   Others   Science  Comm&Mgmt     No         Mkt&HR  Not Placed  \n",
       "\n",
       "[215 rows x 14 columns]"
      ]
     },
     "execution_count": 4,
     "metadata": {},
     "output_type": "execute_result"
    }
   ],
   "source": [
    "dataset"
   ]
  },
  {
   "cell_type": "code",
   "execution_count": 5,
   "id": "481dd825-286c-4c54-9338-c15872365c8f",
   "metadata": {},
   "outputs": [
    {
     "data": {
      "text/plain": [
       "ssc_p             0\n",
       "hsc_p             0\n",
       "degree_p          0\n",
       "etest_p           0\n",
       "mba_p             0\n",
       "salary            0\n",
       "gender            0\n",
       "ssc_b             0\n",
       "hsc_b             0\n",
       "hsc_s             0\n",
       "degree_t          0\n",
       "workex            0\n",
       "specialisation    0\n",
       "status            0\n",
       "dtype: int64"
      ]
     },
     "execution_count": 5,
     "metadata": {},
     "output_type": "execute_result"
    }
   ],
   "source": [
    "dataset.isnull().sum()"
   ]
  },
  {
   "cell_type": "code",
   "execution_count": 6,
   "id": "42a9c6a9-7c57-4248-99f1-fa197f5dcc9e",
   "metadata": {},
   "outputs": [
    {
     "data": {
      "text/html": [
       "<div>\n",
       "<style scoped>\n",
       "    .dataframe tbody tr th:only-of-type {\n",
       "        vertical-align: middle;\n",
       "    }\n",
       "\n",
       "    .dataframe tbody tr th {\n",
       "        vertical-align: top;\n",
       "    }\n",
       "\n",
       "    .dataframe thead th {\n",
       "        text-align: right;\n",
       "    }\n",
       "</style>\n",
       "<table border=\"1\" class=\"dataframe\">\n",
       "  <thead>\n",
       "    <tr style=\"text-align: right;\">\n",
       "      <th></th>\n",
       "      <th>ssc_p</th>\n",
       "      <th>hsc_p</th>\n",
       "      <th>degree_p</th>\n",
       "      <th>etest_p</th>\n",
       "      <th>mba_p</th>\n",
       "      <th>salary</th>\n",
       "    </tr>\n",
       "  </thead>\n",
       "  <tbody>\n",
       "    <tr>\n",
       "      <th>ssc_p</th>\n",
       "      <td>117.228377</td>\n",
       "      <td>60.348373</td>\n",
       "      <td>42.897137</td>\n",
       "      <td>37.659225</td>\n",
       "      <td>24.535952</td>\n",
       "      <td>1.976764e+04</td>\n",
       "    </tr>\n",
       "    <tr>\n",
       "      <th>hsc_p</th>\n",
       "      <td>60.348373</td>\n",
       "      <td>118.755706</td>\n",
       "      <td>34.819820</td>\n",
       "      <td>35.461678</td>\n",
       "      <td>22.555846</td>\n",
       "      <td>4.600806e+04</td>\n",
       "    </tr>\n",
       "    <tr>\n",
       "      <th>degree_p</th>\n",
       "      <td>42.897137</td>\n",
       "      <td>34.819820</td>\n",
       "      <td>54.151103</td>\n",
       "      <td>21.929469</td>\n",
       "      <td>17.272020</td>\n",
       "      <td>-8.064357e+03</td>\n",
       "    </tr>\n",
       "    <tr>\n",
       "      <th>etest_p</th>\n",
       "      <td>37.659225</td>\n",
       "      <td>35.461678</td>\n",
       "      <td>21.929469</td>\n",
       "      <td>176.251018</td>\n",
       "      <td>16.886973</td>\n",
       "      <td>1.571579e+05</td>\n",
       "    </tr>\n",
       "    <tr>\n",
       "      <th>mba_p</th>\n",
       "      <td>24.535952</td>\n",
       "      <td>22.555846</td>\n",
       "      <td>17.272020</td>\n",
       "      <td>16.886973</td>\n",
       "      <td>34.028376</td>\n",
       "      <td>6.611551e+04</td>\n",
       "    </tr>\n",
       "    <tr>\n",
       "      <th>salary</th>\n",
       "      <td>19767.643976</td>\n",
       "      <td>46008.057275</td>\n",
       "      <td>-8064.357161</td>\n",
       "      <td>157157.850783</td>\n",
       "      <td>66115.509283</td>\n",
       "      <td>5.999726e+09</td>\n",
       "    </tr>\n",
       "  </tbody>\n",
       "</table>\n",
       "</div>"
      ],
      "text/plain": [
       "                 ssc_p         hsc_p     degree_p        etest_p  \\\n",
       "ssc_p       117.228377     60.348373    42.897137      37.659225   \n",
       "hsc_p        60.348373    118.755706    34.819820      35.461678   \n",
       "degree_p     42.897137     34.819820    54.151103      21.929469   \n",
       "etest_p      37.659225     35.461678    21.929469     176.251018   \n",
       "mba_p        24.535952     22.555846    17.272020      16.886973   \n",
       "salary    19767.643976  46008.057275 -8064.357161  157157.850783   \n",
       "\n",
       "                 mba_p        salary  \n",
       "ssc_p        24.535952  1.976764e+04  \n",
       "hsc_p        22.555846  4.600806e+04  \n",
       "degree_p     17.272020 -8.064357e+03  \n",
       "etest_p      16.886973  1.571579e+05  \n",
       "mba_p        34.028376  6.611551e+04  \n",
       "salary    66115.509283  5.999726e+09  "
      ]
     },
     "execution_count": 6,
     "metadata": {},
     "output_type": "execute_result"
    }
   ],
   "source": [
    "#covarience\n",
    "dataset.cov(numeric_only=True)"
   ]
  },
  {
   "cell_type": "markdown",
   "id": "80558e52-4c7b-45da-bb70-0e74d794a3cb",
   "metadata": {},
   "source": [
    "# Assignment I\n",
    "# what is  the kind of Covarience between degress_p and etest_p marks\n",
    "The covarience value of degree_p and etest_p is 21.929469 which is a postive values so it is positive covarience and both increase/decrease together with difference 21%\n",
    "# what is  the kind of Covarience between etest_p and mba_p marks\n",
    "The covarience value of etest_p and mba_p is 16.886973 which is a postive values so it is positive covarience and both are increase/decrease together with difference 16%"
   ]
  },
  {
   "cell_type": "code",
   "execution_count": 12,
   "id": "914310b0-718d-4e39-a765-2038ad2afd51",
   "metadata": {},
   "outputs": [
    {
     "data": {
      "text/html": [
       "<div>\n",
       "<style scoped>\n",
       "    .dataframe tbody tr th:only-of-type {\n",
       "        vertical-align: middle;\n",
       "    }\n",
       "\n",
       "    .dataframe tbody tr th {\n",
       "        vertical-align: top;\n",
       "    }\n",
       "\n",
       "    .dataframe thead th {\n",
       "        text-align: right;\n",
       "    }\n",
       "</style>\n",
       "<table border=\"1\" class=\"dataframe\">\n",
       "  <thead>\n",
       "    <tr style=\"text-align: right;\">\n",
       "      <th></th>\n",
       "      <th>ssc_p</th>\n",
       "      <th>hsc_p</th>\n",
       "      <th>degree_p</th>\n",
       "      <th>etest_p</th>\n",
       "      <th>mba_p</th>\n",
       "      <th>salary</th>\n",
       "    </tr>\n",
       "  </thead>\n",
       "  <tbody>\n",
       "    <tr>\n",
       "      <th>ssc_p</th>\n",
       "      <td>1.000000</td>\n",
       "      <td>0.511472</td>\n",
       "      <td>0.538404</td>\n",
       "      <td>0.261993</td>\n",
       "      <td>0.388478</td>\n",
       "      <td>0.023571</td>\n",
       "    </tr>\n",
       "    <tr>\n",
       "      <th>hsc_p</th>\n",
       "      <td>0.511472</td>\n",
       "      <td>1.000000</td>\n",
       "      <td>0.434206</td>\n",
       "      <td>0.245113</td>\n",
       "      <td>0.354823</td>\n",
       "      <td>0.054506</td>\n",
       "    </tr>\n",
       "    <tr>\n",
       "      <th>degree_p</th>\n",
       "      <td>0.538404</td>\n",
       "      <td>0.434206</td>\n",
       "      <td>1.000000</td>\n",
       "      <td>0.224470</td>\n",
       "      <td>0.402364</td>\n",
       "      <td>-0.014148</td>\n",
       "    </tr>\n",
       "    <tr>\n",
       "      <th>etest_p</th>\n",
       "      <td>0.261993</td>\n",
       "      <td>0.245113</td>\n",
       "      <td>0.224470</td>\n",
       "      <td>1.000000</td>\n",
       "      <td>0.218055</td>\n",
       "      <td>0.152829</td>\n",
       "    </tr>\n",
       "    <tr>\n",
       "      <th>mba_p</th>\n",
       "      <td>0.388478</td>\n",
       "      <td>0.354823</td>\n",
       "      <td>0.402364</td>\n",
       "      <td>0.218055</td>\n",
       "      <td>1.000000</td>\n",
       "      <td>0.146324</td>\n",
       "    </tr>\n",
       "    <tr>\n",
       "      <th>salary</th>\n",
       "      <td>0.023571</td>\n",
       "      <td>0.054506</td>\n",
       "      <td>-0.014148</td>\n",
       "      <td>0.152829</td>\n",
       "      <td>0.146324</td>\n",
       "      <td>1.000000</td>\n",
       "    </tr>\n",
       "  </tbody>\n",
       "</table>\n",
       "</div>"
      ],
      "text/plain": [
       "             ssc_p     hsc_p  degree_p   etest_p     mba_p    salary\n",
       "ssc_p     1.000000  0.511472  0.538404  0.261993  0.388478  0.023571\n",
       "hsc_p     0.511472  1.000000  0.434206  0.245113  0.354823  0.054506\n",
       "degree_p  0.538404  0.434206  1.000000  0.224470  0.402364 -0.014148\n",
       "etest_p   0.261993  0.245113  0.224470  1.000000  0.218055  0.152829\n",
       "mba_p     0.388478  0.354823  0.402364  0.218055  1.000000  0.146324\n",
       "salary    0.023571  0.054506 -0.014148  0.152829  0.146324  1.000000"
      ]
     },
     "execution_count": 12,
     "metadata": {},
     "output_type": "execute_result"
    }
   ],
   "source": [
    "dataset.corr(numeric_only=True)"
   ]
  },
  {
   "cell_type": "markdown",
   "id": "9bba9124-248f-4a87-9d44-8873c6c69c7f",
   "metadata": {},
   "source": [
    "# Assignment II:\n",
    "# what is the kind of Correlation between salary and mba_p marks\n",
    "Correlation between mba_p and salary is 0.146324 which is less than 0.54 so it is low degree or weak positive correlation. both increase  with 14%"
   ]
  },
  {
   "cell_type": "code",
   "execution_count": null,
   "id": "f52ea4b7-96e9-4445-9fbd-35bf8852d77a",
   "metadata": {},
   "outputs": [],
   "source": []
  }
 ],
 "metadata": {
  "kernelspec": {
   "display_name": "Python 3 (ipykernel)",
   "language": "python",
   "name": "python3"
  },
  "language_info": {
   "codemirror_mode": {
    "name": "ipython",
    "version": 3
   },
   "file_extension": ".py",
   "mimetype": "text/x-python",
   "name": "python",
   "nbconvert_exporter": "python",
   "pygments_lexer": "ipython3",
   "version": "3.11.5"
  }
 },
 "nbformat": 4,
 "nbformat_minor": 5
}
